


########################################################################################################################
All results


in_data     out_data    len_lex stem mask_steps bias thresh apply_mask rm_stopw acc    mcc    fsc    wfsc  
------------------------------------------------------------------------------------------------------------------------
reli        hotel         435    0       6       0      0.50     1         1     0.78   0.58   0.82   0.78
------------------------------------------------------------------------------------------------------------------------
reli        hotel         273    0       6       0      0.60     1         0     0.76   0.53   0.81   0.77
------------------------------------------------------------------------------------------------------------------------
reli        hotel         283    0       6       0      0.60     1         1     0.75   0.53   0.80   0.76
------------------------------------------------------------------------------------------------------------------------
reli        hotel         186    0       6       0      0.70     1         0     0.74   0.50   0.79   0.75
------------------------------------------------------------------------------------------------------------------------
reli        hotel         186    0       6       0      0.70     1         1     0.74   0.51   0.79   0.75
------------------------------------------------------------------------------------------------------------------------
reli        hotel         661    0       6       0      0.40     1         1     0.72   0.49   0.76   0.73
------------------------------------------------------------------------------------------------------------------------
reli        hotel         129    0       6       0      0.80     1         0     0.71   0.43   0.76   0.72
------------------------------------------------------------------------------------------------------------------------
reli        hotel        1013    0       6       0      0.30     1         1     0.70   0.49   0.74   0.72
------------------------------------------------------------------------------------------------------------------------
reli        hotel        1633    0       6       0      0.20     1         1     0.69   0.46   0.73   0.70
------------------------------------------------------------------------------------------------------------------------
reli        hotel         124    0       6       0      0.80     1         1     0.69   0.44   0.73   0.70
------------------------------------------------------------------------------------------------------------------------
reli        hotel         423    0       6       0      0.50     1         0     0.68   0.45   0.72   0.69
------------------------------------------------------------------------------------------------------------------------
reli        hotel         663    0       6       0      0.40     1         0     0.67   0.46   0.70   0.68
------------------------------------------------------------------------------------------------------------------------
reli        hotel        1019    0       6       0      0.30     1         0     0.66   0.45   0.69   0.67
------------------------------------------------------------------------------------------------------------------------
reli        hotel        2815    0       6       0      0.10     1         1     0.65   0.41   0.68   0.66
------------------------------------------------------------------------------------------------------------------------
reli        hotel        1596    0       6       0      0.20     1         0     0.62   0.42   0.64   0.63
------------------------------------------------------------------------------------------------------------------------
reli        hotel        5962    0       6       0      0.00     1         1     0.57   0.34   0.58   0.57
------------------------------------------------------------------------------------------------------------------------
reli        hotel        6066    0       6       0      0.00     1         0     0.40   0.22   0.25   0.33
------------------------------------------------------------------------------------------------------------------------
reli        hotel        2769    0       6       0      0.10     1         0     0.39   0.19   0.22   0.30


########################################################################################################################
All results


in_data     out_data    len_lex stem mask_steps bias thresh apply_mask rm_stopw acc    mcc    fsc    wfsc  
------------------------------------------------------------------------------------------------------------------------
reli        reli         2815    0       6       0      0.10     1         1     0.92   0.75   0.79   0.92
------------------------------------------------------------------------------------------------------------------------
reli        reli         2769    0       6       0      0.10     1         0     0.91   0.70   0.75   0.91
------------------------------------------------------------------------------------------------------------------------
reli        reli         5962    0       6       0      0.00     1         1     0.91   0.74   0.78   0.92
------------------------------------------------------------------------------------------------------------------------
reli        reli         6066    0       6       0      0.00     1         0     0.89   0.66   0.72   0.90
------------------------------------------------------------------------------------------------------------------------
reli        reli         1633    0       6       0      0.20     1         1     0.89   0.70   0.75   0.90
------------------------------------------------------------------------------------------------------------------------
reli        reli         1596    0       6       0      0.20     1         0     0.85   0.64   0.69   0.86
------------------------------------------------------------------------------------------------------------------------
reli        reli         1013    0       6       0      0.30     1         1     0.83   0.61   0.66   0.85
------------------------------------------------------------------------------------------------------------------------
reli        reli         1019    0       6       0      0.30     1         0     0.81   0.58   0.63   0.83
------------------------------------------------------------------------------------------------------------------------
reli        reli          661    0       6       0      0.40     1         1     0.80   0.56   0.62   0.82
------------------------------------------------------------------------------------------------------------------------
reli        cross        2573    0       6       0      0.10     1         0     0.78   0.20   0.31   0.79
------------------------------------------------------------------------------------------------------------------------
reli        reli          663    0       6       0      0.40     1         0     0.78   0.53   0.60   0.81
------------------------------------------------------------------------------------------------------------------------
reli        reli          435    0       6       0      0.50     1         1     0.75   0.46   0.54   0.78
------------------------------------------------------------------------------------------------------------------------
reli        cross        5596    0       6       0      0.00     1         1     0.74   0.20   0.34   0.77
------------------------------------------------------------------------------------------------------------------------
reli        cross        2635    0       6       0      0.10     1         1     0.74   0.20   0.34   0.76
------------------------------------------------------------------------------------------------------------------------
reli        cross        5699    0       6       0      0.00     1         0     0.73   0.18   0.31   0.76
------------------------------------------------------------------------------------------------------------------------
reli        cross        1523    0       6       0      0.20     1         1     0.72   0.19   0.34   0.76
------------------------------------------------------------------------------------------------------------------------
reli        reli          423    0       6       0      0.50     1         0     0.72   0.43   0.52   0.75
------------------------------------------------------------------------------------------------------------------------
reli        cross        1492    0       6       0      0.20     1         0     0.70   0.17   0.32   0.74
------------------------------------------------------------------------------------------------------------------------
reli        cross         947    0       6       0      0.30     1         1     0.68   0.17   0.32   0.73
------------------------------------------------------------------------------------------------------------------------
reli        reli          283    0       6       0      0.60     1         1     0.68   0.35   0.46   0.72
------------------------------------------------------------------------------------------------------------------------
reli        cross         609    0       6       0      0.40     1         1     0.66   0.15   0.31   0.71
------------------------------------------------------------------------------------------------------------------------
reli        cross         944    0       6       0      0.30     1         0     0.66   0.16   0.32   0.71
------------------------------------------------------------------------------------------------------------------------
reli        reli          273    0       6       0      0.60     1         0     0.65   0.32   0.44   0.69
------------------------------------------------------------------------------------------------------------------------
reli        cross         603    0       6       0      0.40     1         0     0.63   0.12   0.29   0.69
------------------------------------------------------------------------------------------------------------------------
reli        cross         392    0       6       0      0.50     1         1     0.63   0.11   0.28   0.68
------------------------------------------------------------------------------------------------------------------------
reli        reli          186    0       6       0      0.70     1         1     0.61   0.20   0.37   0.65
------------------------------------------------------------------------------------------------------------------------
reli        cross         387    0       6       0      0.50     1         0     0.60   0.07   0.27   0.66
------------------------------------------------------------------------------------------------------------------------
reli        reli          186    0       6       0      0.70     1         0     0.59   0.20   0.37   0.64
------------------------------------------------------------------------------------------------------------------------
reli        cross         255    0       6       0      0.60     1         1     0.57   0.03   0.24   0.63
------------------------------------------------------------------------------------------------------------------------
reli        cross         249    0       6       0      0.60     1         0     0.56   0.03   0.25   0.62
------------------------------------------------------------------------------------------------------------------------
reli        reli          129    0       6       0      0.80     1         0     0.55   0.08   0.30   0.60
------------------------------------------------------------------------------------------------------------------------
reli        reli          124    0       6       0      0.80     1         1     0.54   0.06   0.29   0.60
------------------------------------------------------------------------------------------------------------------------
reli        cross         166    0       6       0      0.70     1         0     0.52   -0.05   0.20   0.59
------------------------------------------------------------------------------------------------------------------------
reli        cross         164    0       6       0      0.70     1         1     0.51   -0.06   0.19   0.58
------------------------------------------------------------------------------------------------------------------------
reli        cross         113    0       6       0      0.80     1         0     0.47   -0.11   0.17   0.55
------------------------------------------------------------------------------------------------------------------------
reli        cross         112    0       6       0      0.80     1         1     0.47   -0.12   0.16   0.55


########################################################################################################################
All results


in_data     out_data    len_lex stem mask_steps bias thresh apply_mask rm_stopw acc    mcc    fsc    wfsc  
------------------------------------------------------------------------------------------------------------------------
reli        all          2815    0       6       0      0.10     1         1     0.88   0.69   0.76   0.89
------------------------------------------------------------------------------------------------------------------------
reli        all          5962    0       6       0      0.00     1         1     0.87   0.65   0.73   0.87
------------------------------------------------------------------------------------------------------------------------
reli        all          1633    0       6       0      0.20     1         1     0.87   0.66   0.74   0.87
------------------------------------------------------------------------------------------------------------------------
reli        all          2769    0       6       0      0.10     1         0     0.85   0.55   0.63   0.84
------------------------------------------------------------------------------------------------------------------------
reli        all          6066    0       6       0      0.00     1         0     0.84   0.52   0.62   0.83
------------------------------------------------------------------------------------------------------------------------
reli        all          1596    0       6       0      0.20     1         0     0.82   0.57   0.68   0.83
------------------------------------------------------------------------------------------------------------------------
reli        all          1013    0       6       0      0.30     1         1     0.82   0.58   0.68   0.83
------------------------------------------------------------------------------------------------------------------------
reli        all          1019    0       6       0      0.30     1         0     0.79   0.53   0.65   0.81
------------------------------------------------------------------------------------------------------------------------
reli        all           661    0       6       0      0.40     1         1     0.79   0.54   0.65   0.81
------------------------------------------------------------------------------------------------------------------------
reli        all           663    0       6       0      0.40     1         0     0.77   0.49   0.62   0.78
------------------------------------------------------------------------------------------------------------------------
reli        all           435    0       6       0      0.50     1         1     0.75   0.47   0.60   0.77
------------------------------------------------------------------------------------------------------------------------
reli        all           423    0       6       0      0.50     1         0     0.72   0.40   0.56   0.74
------------------------------------------------------------------------------------------------------------------------
reli        all           283    0       6       0      0.60     1         1     0.69   0.37   0.53   0.71
------------------------------------------------------------------------------------------------------------------------
reli        all           273    0       6       0      0.60     1         0     0.66   0.34   0.52   0.69
------------------------------------------------------------------------------------------------------------------------
reli        all           186    0       6       0      0.70     1         1     0.62   0.24   0.45   0.65
------------------------------------------------------------------------------------------------------------------------
reli        all           186    0       6       0      0.70     1         0     0.61   0.23   0.45   0.64
------------------------------------------------------------------------------------------------------------------------
reli        all           129    0       6       0      0.80     1         0     0.57   0.13   0.39   0.60
------------------------------------------------------------------------------------------------------------------------
reli        all           124    0       6       0      0.80     1         1     0.56   0.10   0.37   0.59


########################################################################################################################
All results


in_data     out_data    len_lex stem mask_steps bias thresh apply_mask rm_stopw acc    mcc    fsc    wfsc  
------------------------------------------------------------------------------------------------------------------------
all         hotel        9330    0       6       0      0.00     1         0     0.99   0.97   0.99   0.99
------------------------------------------------------------------------------------------------------------------------
all         hotel        9203    0       6       0      0.00     1         1     0.99   0.98   0.99   0.99
------------------------------------------------------------------------------------------------------------------------
all         hotel        1717    0       6       0      0.20     1         0     0.97   0.93   0.98   0.97
------------------------------------------------------------------------------------------------------------------------
all         hotel        3143    0       6       0      0.10     1         1     0.97   0.93   0.98   0.97
------------------------------------------------------------------------------------------------------------------------
all         hotel        1734    0       6       0      0.20     1         1     0.96   0.92   0.97   0.96
------------------------------------------------------------------------------------------------------------------------
all         hotel         455    0       6       0      0.50     1         1     0.94   0.86   0.96   0.94
------------------------------------------------------------------------------------------------------------------------
all         hotel        1054    0       6       0      0.30     1         1     0.93   0.83   0.95   0.93
------------------------------------------------------------------------------------------------------------------------
all         hotel        1050    0       6       0      0.30     1         0     0.91   0.77   0.94   0.90
------------------------------------------------------------------------------------------------------------------------
all         hotel         683    0       6       0      0.40     1         1     0.90   0.77   0.93   0.90
------------------------------------------------------------------------------------------------------------------------
all         hotel         675    0       6       0      0.40     1         0     0.89   0.72   0.92   0.88
------------------------------------------------------------------------------------------------------------------------
all         hotel         290    0       6       0      0.60     1         0     0.89   0.74   0.92   0.89
------------------------------------------------------------------------------------------------------------------------
all         hotel         300    0       6       0      0.60     1         1     0.89   0.74   0.92   0.89
------------------------------------------------------------------------------------------------------------------------
all         hotel         441    0       6       0      0.50     1         0     0.88   0.70   0.92   0.87
------------------------------------------------------------------------------------------------------------------------
all         hotel         193    0       6       0      0.70     1         1     0.88   0.71   0.92   0.88
------------------------------------------------------------------------------------------------------------------------
all         hotel        3107    0       6       0      0.10     1         0     0.87   0.74   0.89   0.87
------------------------------------------------------------------------------------------------------------------------
all         hotel         192    0       6       0      0.70     1         0     0.86   0.66   0.90   0.86
------------------------------------------------------------------------------------------------------------------------
all         hotel         130    0       6       0      0.80     1         1     0.84   0.61   0.88   0.84
------------------------------------------------------------------------------------------------------------------------
all         hotel         130    0       6       0      0.80     1         0     0.83   0.60   0.87   0.83


########################################################################################################################
All results


in_data     out_data    len_lex stem mask_steps bias thresh apply_mask rm_stopw acc    mcc    fsc    wfsc  
------------------------------------------------------------------------------------------------------------------------
all         reli         3107    0       6       0      0.10     1         0     0.92   0.72   0.77   0.92
------------------------------------------------------------------------------------------------------------------------
all         reli         9203    0       6       0      0.00     1         1     0.91   0.74   0.78   0.92
------------------------------------------------------------------------------------------------------------------------
all         reli         3143    0       6       0      0.10     1         1     0.91   0.74   0.79   0.92
------------------------------------------------------------------------------------------------------------------------
all         reli         1717    0       6       0      0.20     1         0     0.90   0.71   0.75   0.90
------------------------------------------------------------------------------------------------------------------------
all         reli         1734    0       6       0      0.20     1         1     0.89   0.69   0.74   0.90
------------------------------------------------------------------------------------------------------------------------
all         reli         1054    0       6       0      0.30     1         1     0.87   0.64   0.70   0.88
------------------------------------------------------------------------------------------------------------------------
all         reli         9330    0       6       0      0.00     1         0     0.86   0.61   0.67   0.87
------------------------------------------------------------------------------------------------------------------------
all         reli         1050    0       6       0      0.30     1         0     0.82   0.60   0.65   0.84
------------------------------------------------------------------------------------------------------------------------
all         reli          683    0       6       0      0.40     1         1     0.80   0.56   0.62   0.82
------------------------------------------------------------------------------------------------------------------------
all         reli          455    0       6       0      0.50     1         1     0.77   0.48   0.56   0.79
------------------------------------------------------------------------------------------------------------------------
all         reli          675    0       6       0      0.40     1         0     0.76   0.52   0.58   0.79
------------------------------------------------------------------------------------------------------------------------
all         reli          441    0       6       0      0.50     1         0     0.74   0.46   0.54   0.77
------------------------------------------------------------------------------------------------------------------------
all         reli          290    0       6       0      0.60     1         0     0.67   0.33   0.45   0.71
------------------------------------------------------------------------------------------------------------------------
all         reli          300    0       6       0      0.60     1         1     0.67   0.35   0.46   0.71
------------------------------------------------------------------------------------------------------------------------
all         reli          192    0       6       0      0.70     1         0     0.61   0.20   0.37   0.66
------------------------------------------------------------------------------------------------------------------------
all         reli          193    0       6       0      0.70     1         1     0.61   0.20   0.37   0.65
------------------------------------------------------------------------------------------------------------------------
all         reli          130    0       6       0      0.80     1         1     0.55   0.08   0.30   0.61
------------------------------------------------------------------------------------------------------------------------
all         reli          130    0       6       0      0.80     1         0     0.54   0.07   0.30   0.59


########################################################################################################################
All results


in_data     out_data    len_lex stem mask_steps bias thresh apply_mask rm_stopw acc    mcc    fsc    wfsc  
------------------------------------------------------------------------------------------------------------------------
all         all          9203    0       6       0      0.00     1         1     0.92   0.80   0.85   0.92
------------------------------------------------------------------------------------------------------------------------
all         all          3143    0       6       0      0.10     1         1     0.92   0.80   0.85   0.92
------------------------------------------------------------------------------------------------------------------------
all         all          3107    0       6       0      0.10     1         0     0.91   0.75   0.81   0.91
------------------------------------------------------------------------------------------------------------------------
all         all          1717    0       6       0      0.20     1         0     0.90   0.77   0.82   0.91
------------------------------------------------------------------------------------------------------------------------
all         all          1734    0       6       0      0.20     1         1     0.90   0.76   0.81   0.90
------------------------------------------------------------------------------------------------------------------------
all         all          9330    0       6       0      0.00     1         0     0.87   0.70   0.77   0.88
------------------------------------------------------------------------------------------------------------------------
all         all          1054    0       6       0      0.30     1         1     0.87   0.71   0.77   0.88
------------------------------------------------------------------------------------------------------------------------
all         all          1050    0       6       0      0.30     1         0     0.83   0.65   0.73   0.84
------------------------------------------------------------------------------------------------------------------------
all         all           683    0       6       0      0.40     1         1     0.81   0.62   0.70   0.83
------------------------------------------------------------------------------------------------------------------------
all         all           455    0       6       0      0.50     1         1     0.79   0.57   0.67   0.80
------------------------------------------------------------------------------------------------------------------------
all         all           675    0       6       0      0.40     1         0     0.78   0.58   0.67   0.79
------------------------------------------------------------------------------------------------------------------------
all         cross        2889    0       6       0      0.10     1         0     0.77   0.26   0.40   0.78
------------------------------------------------------------------------------------------------------------------------
all         cross        8615    0       6       0      0.00     1         1     0.76   0.30   0.45   0.78
------------------------------------------------------------------------------------------------------------------------
all         all           441    0       6       0      0.50     1         0     0.76   0.53   0.64   0.78
------------------------------------------------------------------------------------------------------------------------
all         cross        1592    0       6       0      0.20     1         0     0.75   0.26   0.42   0.77
------------------------------------------------------------------------------------------------------------------------
all         cross        2927    0       6       0      0.10     1         1     0.75   0.28   0.44   0.77
------------------------------------------------------------------------------------------------------------------------
all         cross        8741    0       6       0      0.00     1         0     0.73   0.26   0.42   0.75
------------------------------------------------------------------------------------------------------------------------
all         cross        1604    0       6       0      0.20     1         1     0.73   0.25   0.41   0.75
------------------------------------------------------------------------------------------------------------------------
all         cross         978    0       6       0      0.30     1         1     0.72   0.26   0.43   0.75
------------------------------------------------------------------------------------------------------------------------
all         all           300    0       6       0      0.60     1         1     0.70   0.43   0.57   0.72
------------------------------------------------------------------------------------------------------------------------
all         all           290    0       6       0      0.60     1         0     0.69   0.41   0.56   0.72
------------------------------------------------------------------------------------------------------------------------
all         cross         982    0       6       0      0.30     1         0     0.69   0.24   0.42   0.72
------------------------------------------------------------------------------------------------------------------------
all         cross         627    0       6       0      0.40     1         1     0.68   0.23   0.40   0.72
------------------------------------------------------------------------------------------------------------------------
all         cross         619    0       6       0      0.40     1         0     0.66   0.21   0.40   0.70
------------------------------------------------------------------------------------------------------------------------
all         cross         412    0       6       0      0.50     1         1     0.66   0.20   0.39   0.70
------------------------------------------------------------------------------------------------------------------------
all         all           192    0       6       0      0.70     1         0     0.64   0.30   0.49   0.67
------------------------------------------------------------------------------------------------------------------------
all         all           193    0       6       0      0.70     1         1     0.64   0.31   0.50   0.67
------------------------------------------------------------------------------------------------------------------------
all         cross         408    0       6       0      0.50     1         0     0.63   0.17   0.38   0.68
------------------------------------------------------------------------------------------------------------------------
all         cross         267    0       6       0      0.60     1         1     0.61   0.13   0.34   0.66
------------------------------------------------------------------------------------------------------------------------
all         cross         259    0       6       0      0.60     1         0     0.59   0.10   0.33   0.64
------------------------------------------------------------------------------------------------------------------------
all         all           130    0       6       0      0.80     1         1     0.58   0.19   0.43   0.62
------------------------------------------------------------------------------------------------------------------------
all         all           130    0       6       0      0.80     1         0     0.57   0.18   0.42   0.60
------------------------------------------------------------------------------------------------------------------------
all         cross         172    0       6       0      0.70     1         1     0.56   0.04   0.29   0.61
------------------------------------------------------------------------------------------------------------------------
all         cross         169    0       6       0      0.70     1         0     0.55   0.02   0.29   0.60
------------------------------------------------------------------------------------------------------------------------
all         cross         116    0       6       0      0.80     1         1     0.51   -0.04   0.25   0.57
------------------------------------------------------------------------------------------------------------------------
all         cross         116    0       6       0      0.80     1         0     0.51   -0.04   0.26   0.57